4
12
3
1
4
12
3
1
12
12
12
24
11
3
12
5
6
12
1
1
11
1
11
12
3
6
24
1
1
24
4
3
12
3
12
1
12
12
12
4
1
11
4
12
6
11
6
4
3
44
3
4
4
11
11
11
12
11
11
12
3
12
3
6
3
1
12
11
12
3
12
4
3
3
3
4
3
12
3
6
4
3
12
12
3
11
6
11
5
12
3
12
11
12
3
3
4
3
12
6
4
11
3
6
4
44
3
24
4
12
12
11
11
12
11
3
44
4
3
3
12
3
12
3
12
12
4
4
3
12
1
4
12
4
12
11
11
3
4
6
44
6
4
12
3
4
12
11
4
11
1
12
12
4
12
24
3
12
3
3
3
4
11
12
11
12
12
4
3
3
12
4
4
12
6
3
4
4
4
4
3
12
1
11
12
6
11
4
11
11
12
3
12
12
5
12
4
5
11
12
11
1
5
5
12
6
11
12
1
1
4
24
11
6
3
3
12
12
12
12
12
12
4
4
12
4
11
12
5
12
11
12
6
3
12
12
12
12
12
4
12
6
24
6
12
44
3
12
12
11
3
3
12
12
3
12
11
3
24
11
11
11
24
11
12
11
12
3
12
6
12
11
4
5
11
12
12
1
12
6
1
12
11
11
3
12
11
12
11
4
6
5
12
11
12
4
5
3
11
11
6
24
11
12
6
11
11
11
11
12
6
44
5
12
11
11
11
3
12
3
3
4
4
4
6
12
12
11
24
11
11
12
12
3
12
11
11
3
12
12
12
3
12
1
6
11
12
6
3
4
3
12
4
12
3
12
12
6
3
11
12
4
12
3
1
12
11
12
12
12
12
12
24
3
4
12
11
24
24
3
24
12
12
11
11
24
11
6
24
12
11
11
24
11
11
1
12
12
3
12
4
12
12
12
4
12
12
12
3
24
3
12
12
24
